$ANSIBLE_VAULT;1.1;AES256
38636635346530346663353331343064356566343833363938653962356634616237366462373966
3935633736376365383138616433613639393365623831620a353032336331613662623863636463
37666337386633346438643037336635376266333563386431373965306235393562303039376566
3062646164353331380a643362383030376139643062306462646635313861333962393139303839
35333639333531393339663935366137333936613738623564313964626439313634376461316466
63373363646334386530366636626232626232333033383762323535376636653933613231623730
61353562333935386235383636313762613339646263373234313032653666323066366235356565
32653432373030313463363739633264646631626662376461383337376330356637336363393130
30333464653963663835376132376463323030333466346433313430643334353165643164666637
61623131363465313765316331323838316563333830653836306433613439643963316339346233
33616565636539316466666436326636396137333662393139393464356238626535373430373565
30396235653866393437393764363434313439383933653461313538306336383663643639326164
31383965353533326537363337383738306139376131396531306161303838313738366533393233
3165373966656534333866356232356434316136393331633330
